1,15000,500
2,15750,525
3,16500,550
4,17250,575
5,18000,600
6,18750,625
7,19500,650
8,20250,675
9,21000,700
10,21750,725
11,23250,775
12,24000,800
13,24750,825
14,25500,850
15,26250,875
16,27000,900
17,27750,925
18,28500,950
19,29250,975
20,30000,1000
21,31500,1050
22,32250,1075
23,33000,1100
24,33750,1125
25,34500,1150
26,35250,1175
27,36000,1200
28,36750,1225
29,37500,1250
30,38250,1275
31,39000,1300
32,39750,1325
33,40500,1350
34,41250,1375
35,42000,1400
36,42750,1425
37,43500,1450
38,44250,1475
39,45000,1500
40,45750,1525
41,48038,1601
42,49538,1651
43,51038,1701
44,52538,1751
45,54038,1801
46,55538,1851
47,57038,1901
48,58538,1951
49,60038,2001
50,61538,2051
51,63038,2101
52,64538,2151
53,66038,2201
54,67538,2251
55,69038,2301
56,70538,2351
57,72038,2401
58,73538,2451
59,75038,2501
60,76538,2551
61,80365,2679
62,81865,2729
63,83365,2779
64,84865,2829
65,86365,2879
66,87865,2929
67,89365,2979
68,90865,3029
69,92365,3079
70,93865,3129
71,95365,3179
72,96865,3229
73,98365,3279
74,99865,3329
75,101365,3379
76,102865,3429
77,104365,3479
78,105865,3529
79,107365,3579
80,108865,3629
81,114308,3810
82,116558,3885
83,118808,3960
84,121058,4035
85,123308,4110
86,125558,4185
87,127808,4260
88,130058,4335
89,132308,4410
90,134558,4485
91,136808,4560
92,139058,4635
93,141308,4710
94,143558,4785
95,145808,4860
96,148058,4935
97,150308,5010
98,152558,5085
99,154808,5160
100,157058,5235
101,164911,5497
102,167161,5572
103,169411,5647
104,171661,5722
105,173911,5797
106,176161,5872
107,178411,5947
108,180661,6022
109,182911,6097
110,185161,6172
111,187411,6247
112,189661,6322
113,191911,6397
114,194161,6472
115,196411,6547
116,198661,6622
117,200911,6697
118,203161,6772
119,205411,6847
120,207661,6922
121,218044,7268
122,221044,7368
123,224044,7468
124,227044,7568
125,230044,7668
126,233044,7768
127,236044,7868
128,239044,7968
129,242044,8068
130,245044,8168
131,248044,8268
132,251044,8368
133,254044,8468
134,257044,8568
135,260044,8668
136,263044,8768
137,266044,8868
138,269044,8968
139,272044,9068
140,275044,9168
141,288796,9626
142,291796,9726
143,294796,9826
144,297796,9926
145,300796,10026
146,303796,10126
147,306796,10226
148,309796,10326
149,312796,10426
150,315796,10526
151,318796,10626
152,321796,10726
153,324796,10826
154,327796,10926
155,330796,11026
156,333796,11126
157,336796,11226
158,339796,11326
159,342796,11426
160,345796,11526
161,363086,12102
162,366836,12227
163,370586,12352
164,374336,12477
165,378086,12602
166,381836,12727
167,385586,12852
168,389336,12977
169,393086,13102
170,396836,13227
171,400586,13352
172,404336,13477
173,408086,13602
174,411836,13727
175,415586,13852
176,419336,13977
177,423086,14102
178,426836,14227
179,430586,14352
180,434336,14477
181,456053,15201
182,459803,15326
183,463553,15451
184,467303,15576
185,471053,15701
186,474803,15826
187,478553,15951
188,482303,16076
189,486053,16201
190,489803,16326
191,493553,16451
192,497303,16576
193,501053,16701
194,504803,16826
195,508553,16951
196,512303,17076
197,516053,17201
198,519803,17326
199,523553,17451
200,527303,17576
201,553668,18455
202,558168,18605
203,562668,18755
204,567168,18905
205,571668,19055
206,576168,19205
207,580668,19355
208,585168,19505
209,589668,19655
210,594168,19805
211,598668,19955
212,603168,20105
213,607668,20255
214,612168,20405
215,616668,20555
216,621168,20705
217,625668,20855
218,630168,21005
219,634668,21155
220,639168,21305
221,671126,22370
222,675626,22520
223,680126,22670
224,684626,22820
225,689126,22970
226,693626,23120
227,698126,23270
228,702626,23420
229,707126,23570
230,711626,23720
231,716126,23870
232,720626,24020
233,725126,24170
234,729626,24320
235,734126,24470
236,738626,24620
237,743126,24770
238,747626,24920
239,752126,25070
240,756626,25220
241,794457,26481
242,799707,26656
243,804957,26831
244,810207,27006
245,815457,27181
246,820707,27356
247,825957,27531
248,831207,27706
249,836457,27881
250,841707,28056
251,846957,28231
252,852207,28406
253,857457,28581
254,862707,28756
255,867957,28931
256,873207,29106
257,878457,29281
258,883707,29456
259,888957,29631
260,894207,29806
261,938917,31296
262,944167,31471
263,949417,31646
264,954667,31821
265,959917,31996
266,965167,32171
267,970417,32346
268,975667,32521
269,980917,32696
270,986167,32871
271,991417,33046
272,996667,33221
273,1001917,33396
274,1007167,33571
275,1012417,33746
276,1017667,33921
277,1022917,34096
278,1028167,34271
279,1033417,34446
280,1038667,34621
281,1090600,36352
282,1096600,36552
283,1102600,36752
284,1108600,36952
285,1114600,37152
286,1120600,37352
287,1126600,37552
288,1132600,37752
289,1138600,37952
290,1144600,38152
291,1150600,38352
292,1156600,38552
293,1162600,38752
294,1168600,38952
295,1174600,39152
296,1180600,39352
297,1186600,39552
298,1192600,39752
299,1198600,39952
300,1204600,40152
301,1264830,42160
302,1270830,42360
303,1276830,42560
304,1282830,42760
305,1288830,42960
306,1294830,43160
307,1300830,43360
308,1306830,43560
309,1312830,43760
310,1318830,43960
311,1324830,44160
312,1330830,44360
313,1336830,44560
314,1342830,44760
315,1348830,44960
316,1354830,45160
317,1360830,45360
318,1366830,45560
319,1372830,45760
320,1378830,45960
321,1447772,48258
322,1454522,48483
323,1461272,48708
324,1468022,48933
325,1474772,49158
326,1481522,49383
327,1488272,49608
328,1495022,49833
329,1501772,50058
330,1508522,50283
331,1515272,50508
332,1522022,50733
333,1528772,50958
334,1535522,51183
335,1542272,51408
336,1549022,51633
337,1555772,51858
338,1562522,52083
339,1569272,52308
340,1576022,52533
341,1654823,55160
342,1661573,55385
343,1668323,55610
344,1675073,55835
345,1681823,56060
346,1688573,56285
347,1695323,56510
348,1702073,56735
349,1708823,56960
350,1715573,57185
351,1722323,57410
352,1729073,57635
353,1735823,57860
354,1742573,58085
355,1749323,58310
356,1756073,58535
357,1762823,58760
358,1769573,58985
359,1776323,59210
360,1783073,59435
361,1872227,62407
362,1879727,62657
363,1887227,62907
364,1894727,63157
365,1902227,63407
366,1909727,63657
367,1917227,63907
368,1924727,64157
369,1932227,64407
370,1939727,64657
371,1947227,64907
372,1954727,65157
373,1962227,65407
374,1969727,65657
375,1977227,65907
376,1984727,66157
377,1992227,66407
378,1999727,66657
379,2007227,66907
380,2014727,67157
381,2115463,70515
382,2122963,70765
383,2130463,71015
384,2137963,71265
385,2145463,71515
386,2152963,71765
387,2160463,72015
388,2167963,72265
389,2175463,72515
390,2182963,72765
391,2190463,73015
392,2197963,73265
393,2205463,73515
394,2212963,73765
395,2220463,74015
396,2227963,74265
397,2235463,74515
398,2242963,74765
399,2250463,75015
400,2257963,75265
401,2370861,79028
402,2379111,79303
403,2387361,79578
404,2395611,79853
405,2403861,80128
406,2412111,80403
407,2420361,80678
408,2428611,80953
409,2436861,81228
410,2445111,81503
411,2453361,81778
412,2461611,82053
413,2469861,82328
414,2478111,82603
415,2486361,82878
416,2494611,83153
417,2502861,83428
418,2511111,83703
419,2519361,83978
420,2527611,84253
421,2653992,88466
422,2662242,88741
423,2670492,89016
424,2678742,89291
425,2686992,89566
426,2695242,89841
427,2703492,90116
428,2711742,90391
429,2719992,90666
430,2728242,90941
431,2736492,91216
432,2744742,91491
433,2752992,91766
434,2761242,92041
435,2769492,92316
436,2777742,92591
437,2785992,92866
438,2794242,93141
439,2802492,93416
440,2810742,93691
441,2951279,98376
442,2960279,98676
443,2969279,98976
444,2978279,99276
445,2987279,99576
446,2996279,99876
447,3005279,100176
448,3014279,100476
449,3023279,100776
450,3032279,101076
451,3041279,101376
452,3050279,101676
453,3059279,101976
454,3068279,102276
455,3077279,102576
456,3086279,102876
457,3095279,103176
458,3104279,103476
459,3113279,103776
460,3122279,104076
461,3278393,109280
462,3287393,109580
463,3296393,109880
464,3305393,110180
465,3314393,110480
466,3323393,110780
467,3332393,111080
468,3341393,111380
469,3350393,111680
470,3359393,111980
471,3368393,112280
472,3377393,112580
473,3386393,112880
474,3395393,113180
475,3404393,113480
476,3413393,113780
477,3422393,114080
478,3431393,114380
479,3440393,114680
480,3449393,114980
481,3621863,120729
482,3631613,121054
483,3641363,121379
484,3651113,121704
485,3660863,122029
486,3670613,122354
487,3680363,122679
488,3690113,123004
489,3699863,123329
490,3709613,123654
491,3719363,123979
492,3729113,124304
493,3738863,124629
494,3748613,124954
495,3758363,125279
496,3768113,125604
497,3777863,125929
498,3787613,126254
499,3797363,126579
500,3807113,126904
501,3997469,133249
502,4007219,133574
503,4016969,133899
504,4026719,134224
505,4036469,134549
506,4046219,134874
507,4055969,135199
508,4065719,135524
509,4075469,135849
510,4085219,136174
511,4094969,136499
512,4104719,136824
513,4114469,137149
514,4124219,137474
515,4133969,137799
516,4143719,138124
517,4153469,138449
518,4163219,138774
519,4172969,139099
520,4182719,139424
521,4391855,146395
522,4402355,146745
523,4412855,147095
524,4423355,147445
525,4433855,147795
526,4444355,148145
527,4454855,148495
528,4465355,148845
529,4475855,149195
530,4486355,149545
531,4496855,149895
532,4507355,150245
533,4517855,150595
534,4528355,150945
535,4538855,151295
536,4549355,151645
537,4559855,151995
538,4570355,152345
539,4580855,152695
540,4591355,153045
541,4820923,160697
542,4831423,161047
543,4841923,161397
544,4852423,161747
545,4862923,162097
546,4873423,162447
547,4883923,162797
548,4894423,163147
549,4904923,163497
550,4915423,163847
551,4925923,164197
552,4936423,164547
553,4946923,164897
554,4957423,165247
555,4967923,165597
556,4978423,165947
557,4988923,166297
558,4999423,166647
559,5009923,166997
560,5020423,167347
561,5271444,175714
562,5282694,176089
563,5293944,176464
564,5305194,176839
565,5316444,177214
566,5327694,177589
567,5338944,177964
568,5350194,178339
569,5361444,178714
570,5372694,179089
571,5383944,179464
572,5395194,179839
573,5406444,180214
574,5417694,180589
575,5428944,180964
576,5440194,181339
577,5451444,181714
578,5462694,182089
579,5473944,182464
580,5485194,182839
581,5759454,191981
582,5770704,192356
583,5781954,192731
584,5793204,193106
585,5804454,193481
586,5815704,193856
587,5826954,194231
588,5838204,194606
589,5849454,194981
590,5860704,195356
591,5871954,195731
592,5883204,196106
593,5894454,196481
594,5905704,196856
595,5916954,197231
596,5928204,197606
597,5939454,197981
598,5950704,198356
599,5961954,198731
600,5973204,199106
601,6271864,209061
602,6283864,209461
603,6295864,209861
604,6307864,210261
605,6319864,210661
606,6331864,211061
607,6343864,211461
608,6355864,211861
609,6367864,212261
610,6379864,212661
611,6391864,213061
612,6403864,213461
613,6415864,213861
614,6427864,214261
615,6439864,214661
616,6451864,215061
617,6463864,215461
618,6475864,215861
619,6487864,216261
620,6499864,216661
621,6824857,227494
622,6836857,227894
623,6848857,228294
624,6860857,228694
625,6872857,229094
626,6884857,229494
627,6896857,229894
628,6908857,230294
629,6920857,230694
630,6932857,231094
631,6944857,231494
632,6956857,231894
633,6968857,232294
634,6980857,232694
635,6992857,233094
636,7004857,233494
637,7016857,233894
638,7028857,234294
639,7040857,234694
640,7052857,235094
641,7405500,246849
642,7418250,247274
643,7431000,247699
644,7443750,248124
645,7456500,248549
646,7469250,248974
647,7482000,249399
648,7494750,249824
649,7507500,250249
650,7520250,250674
651,7533000,251099
652,7545750,251524
653,7558500,251949
654,7571250,252374
655,7584000,252799
656,7596750,253224
657,7609500,253649
658,7622250,254074
659,7635000,254499
660,7647750,254924
661,8030138,267670
662,8042888,268095
663,8055638,268520
664,8068388,268945
665,8081138,269370
666,8093888,269795
667,8106638,270220
668,8119388,270645
669,8132138,271070
670,8144888,271495
671,8157638,271920
672,8170388,272345
673,8183138,272770
674,8195888,273195
675,8208638,273620
676,8221388,274045
677,8234138,274470
678,8246888,274895
679,8259638,275320
680,8272388,275745
681,8686007,289532
682,8699507,289982
683,8713007,290432
684,8726507,290882
685,8740007,291332
686,8753507,291782
687,8767007,292232
688,8780507,292682
689,8794007,293132
690,8807507,293582
691,8821007,294032
692,8834507,294482
693,8848007,294932
694,8861507,295382
695,8875007,295832
696,8888507,296282
697,8902007,296732
698,8915507,297182
699,8929007,297632
700,8942507,298082
701,9389632,312986
702,9403132,313436
703,9416632,313886
704,9430132,314336
705,9443632,314786
706,9457132,315236
707,9470632,315686
708,9484132,316136
709,9497632,316586
710,9511132,317036
711,9524632,317486
712,9538132,317936
713,9551632,318386
714,9565132,318836
715,9578632,319286
716,9592132,319736
717,9605632,320186
718,9619132,320636
719,9632632,321086
720,9646132,321536
721,10128439,337613
722,10142689,338088
723,10156939,338563
724,10171189,339038
725,10185439,339513
726,10199689,339988
727,10213939,340463
728,10228189,340938
729,10242439,341413
730,10256689,341888
731,10270939,342363
732,10285189,342838
733,10299439,343313
734,10313689,343788
735,10327939,344263
736,10342189,344738
737,10356439,345213
738,10370689,345688
739,10384939,346163
740,10399189,346638
741,10919148,363970
742,10933398,364445
743,10947648,364920
744,10961898,365395
745,10976148,365870
746,10990398,366345
747,11004648,366820
748,11018898,367295
749,11033148,367770
750,11047398,368245
751,11061648,368720
752,11075898,369195
753,11090148,369670
754,11104398,370145
755,11118648,370620
756,11132898,371095
757,11147148,371570
758,11161398,372045
759,11175648,372520
760,11189898,372995
761,11749393,391645
762,11764393,392145
763,11779393,392645
764,11794393,393145
765,11809393,393645
766,11824393,394145
767,11839393,394645
768,11854393,395145
769,11869393,395645
770,11884393,396145
771,11899393,396645
772,11914393,397145
773,11929393,397645
774,11944393,398145
775,11959393,398645
776,11974393,399145
777,11989393,399645
778,12004393,400145
779,12019393,400645
780,12034393,401145
781,12636113,421202
782,12651113,421702
783,12666113,422202
784,12681113,422702
785,12696113,423202
786,12711113,423702
787,12726113,424202
788,12741113,424702
789,12756113,425202
790,12771113,425702
791,12786113,426202
792,12801113,426702
793,12816113,427202
794,12831113,427702
795,12846113,428202
796,12861113,428702
797,12876113,429202
798,12891113,429702
799,12906113,430202
800,12921113,430702
801,13567169,452237
802,13582919,452762
803,13598669,453287
804,13614419,453812
805,13630169,454337
806,13645919,454862
807,13661669,455387
808,13677419,455912
809,13693169,456437
810,13708919,456962
811,13724669,457487
812,13740419,458012
813,13756169,458537
814,13771919,459062
815,13787669,459587
816,13803419,460112
817,13819169,460637
818,13834919,461162
819,13850669,461687
820,13866419,462212
821,14559740,485323
822,14575490,485848
823,14591240,486373
824,14606990,486898
825,14622740,487423
826,14638490,487948
827,14654240,488473
828,14669990,488998
829,14685740,489523
830,14701490,490048
831,14717240,490573
832,14732990,491098
833,14748740,491623
834,14764490,492148
835,14780240,492673
836,14795990,493198
837,14811740,493723
838,14827490,494248
839,14843240,494773
840,14858990,495298
841,15601940,520063
842,15618440,520613
843,15634940,521163
844,15651440,521713
845,15667940,522263
846,15684440,522813
847,15700940,523363
848,15717440,523913
849,15733940,524463
850,15750440,525013
851,15766940,525563
852,15783440,526113
853,15799940,526663
854,15816440,527213
855,15832940,527763
856,15849440,528313
857,15865940,528863
858,15882440,529413
859,15898940,529963
860,15915440,530513
861,16711212,557039
862,16727712,557589
863,16744212,558139
864,16760712,558689
865,16777212,559239
866,16793712,559789
867,16810212,560339
868,16826712,560889
869,16843212,561439
870,16859712,561989
871,16876212,562539
872,16892712,563089
873,16909212,563639
874,16925712,564189
875,16942212,564739
876,16958712,565289
877,16975212,565839
878,16991712,566389
879,17008212,566939
880,17024712,567489
881,17875948,595863
882,17893198,596438
883,17910448,597013
884,17927698,597588
885,17944948,598163
886,17962198,598738
887,17979448,599313
888,17996698,599888
889,18013948,600463
890,18031198,601038
891,18048448,601613
892,18065698,602188
893,18082948,602763
894,18100198,603338
895,18117448,603913
896,18134698,604488
897,18151948,605063
898,18169198,605638
899,18186448,606213
900,18203698,606788
901,19113883,637127
902,19131133,637702
903,19148383,638277
904,19165633,638852
905,19182883,639427
906,19200133,640002
907,19217383,640577
908,19234633,641152
909,19251883,641727
910,19269133,642302
911,19286383,642877
912,19303633,643452
913,19320883,644027
914,19338133,644602
915,19355383,645177
916,19372633,645752
917,19389883,646327
918,19407133,646902
919,19424383,647477
920,19441633,648052
921,20413715,680455
922,20431715,681055
923,20449715,681655
924,20467715,682255
925,20485715,682855
926,20503715,683455
927,20521715,684055
928,20539715,684655
929,20557715,685255
930,20575715,685855
931,20593715,686455
932,20611715,687055
933,20629715,687655
934,20647715,688255
935,20665715,688855
936,20683715,689455
937,20701715,690055
938,20719715,690655
939,20737715,691255
940,20755715,691855
941,21793501,726448
942,21811501,727048
943,21829501,727648
944,21847501,728248
945,21865501,728848
946,21883501,729448
947,21901501,730048
948,21919501,730648
949,21937501,731248
950,21955501,731848
951,21973501,732448
952,21991501,733048
953,22009501,733648
954,22027501,734248
955,22045501,734848
956,22063501,735448
957,22081501,736048
958,22099501,736648
959,22117501,737248
960,22135501,737848
961,23242276,774740
962,23261026,775365
963,23279776,775990
964,23298526,776615
965,23317276,777240
966,23336026,777865
967,23354776,778490
968,23373526,779115
969,23392276,779740
970,23411026,780365
971,23429776,780990
972,23448526,781615
973,23467276,782240
974,23486026,782865
975,23504776,783490
976,23523526,784115
977,23542276,784740
978,23561026,785365
979,23579776,785990
980,23598526,786615
981,24778452,825946
982,24797202,826571
983,24815952,827196
984,24834702,827821
985,24853452,828446
986,24872202,829071
987,24890952,829696
988,24909702,830321
989,24928452,830946
990,24947202,831571
991,24965952,832196
992,24984702,832821
993,25003452,833446
994,25022202,834071
995,25040952,834696
996,25059702,835321
997,25078452,835946
998,25097202,836571
999,25115952,837196
1000,25134702,837821
1001,26391437,879712
1002,26410937,880362
1003,26430437,881012
1004,26449937,881662
1005,26469437,882312
1006,26488937,882962
1007,26508437,883612
1008,26527937,884262
1009,26547437,884912
1010,26566937,885562
1011,26586437,886212
1012,26605937,886862
1013,26625437,887512
1014,26644937,888162
1015,26664437,888812
1016,26683937,889462
1017,26703437,890112
1018,26722937,890762
1019,26742437,891412
1020,26761937,892062
1021,28100034,936665
1022,28119534,937315
1023,28139034,937965
1024,28158534,938615
1025,28178034,939265
1026,28197534,939915
1027,28217034,940565
1028,28236534,941215
1029,28256034,941865
1030,28275534,942515
1031,28295034,943165
1032,28314534,943815
1033,28334034,944465
1034,28353534,945115
1035,28373034,945765
1036,28392534,946415
1037,28412034,947065
1038,28431534,947715
1039,28451034,948365
1040,28470534,949015
1041,29894061,996466
1042,29914311,997141
1043,29934561,997816
1044,29954811,998491
1045,29975061,999166
1046,29995311,999841
1047,30015561,1000516
1048,30035811,1001191
1049,30056061,1001866
1050,30076311,1002541
1051,30096561,1003216
1052,30116811,1003891
1053,30137061,1004566
1054,30157311,1005241
1055,30177561,1005916
1056,30197811,1006591
1057,30218061,1007266
1058,30238311,1007941
1059,30258561,1008616
1060,30278811,1009291
1061,31792752,1059756
1062,31813002,1060431
1063,31833252,1061106
1064,31853502,1061781
1065,31873752,1062456
1066,31894002,1063131
1067,31914252,1063806
1068,31934502,1064481
1069,31954752,1065156
1070,31975002,1065831
1071,31995252,1066506
1072,32015502,1067181
1073,32035752,1067856
1074,32056002,1068531
1075,32076252,1069206
1076,32096502,1069881
1077,32116752,1070556
1078,32137002,1071231
1079,32157252,1071906
1080,32177502,1072581
1081,33786377,1126210
1082,33807377,1126910
1083,33828377,1127610
1084,33849377,1128310
1085,33870377,1129010
1086,33891377,1129710
1087,33912377,1130410
1088,33933377,1131110
1089,33954377,1131810
1090,33975377,1132510
1091,33996377,1133210
1092,34017377,1133910
1093,34038377,1134610
1094,34059377,1135310
1095,34080377,1136010
1096,34101377,1136710
1097,34122377,1137410
1098,34143377,1138110
1099,34164377,1138810
1100,34185377,1139510
1101,35894646,1196486
1102,35915646,1197186
1103,35936646,1197886
1104,35957646,1198586
1105,35978646,1199286
1106,35999646,1199986
1107,36020646,1200686
1108,36041646,1201386
1109,36062646,1202086
1110,36083646,1202786
1111,36104646,1203486
1112,36125646,1204186
1113,36146646,1204886
1114,36167646,1205586
1115,36188646,1206286
1116,36209646,1206986
1117,36230646,1207686
1118,36251646,1208386
1119,36272646,1209086
1120,36293646,1209786
1121,38108328,1270275
1122,38130078,1271000
1123,38151828,1271725
1124,38173578,1272450
1125,38195328,1273175
1126,38217078,1273900
1127,38238828,1274625
1128,38260578,1275350
1129,38282328,1276075
1130,38304078,1276800
1131,38325828,1277525
1132,38347578,1278250
1133,38369328,1278975
1134,38391078,1279700
1135,38412828,1280425
1136,38434578,1281150
1137,38456328,1281875
1138,38478078,1282600
1139,38499828,1283325
1140,38521578,1284050
1141,40447657,1348253
1142,40469407,1348978
1143,40491157,1349703
1144,40512907,1350428
1145,40534657,1351153
1146,40556407,1351878
1147,40578157,1352603
1148,40599907,1353328
1149,40621657,1354053
1150,40643407,1354778
1151,40665157,1355503
1152,40686907,1356228
1153,40708657,1356953
1154,40730407,1357678
1155,40752157,1358403
1156,40773907,1359128
1157,40795657,1359853
1158,40817407,1360578
1159,40839157,1361303
1160,40860907,1362028
1161,42903952,1430129
1162,42926452,1430879
1163,42948952,1431629
1164,42971452,1432379
1165,42993952,1433129
1166,43016452,1433879
1167,43038952,1434629
1168,43061452,1435379
1169,43083952,1436129
1170,43106452,1436879
1171,43128952,1437629
1172,43151452,1438379
1173,43173952,1439129
1174,43196452,1439879
1175,43218952,1440629
1176,43241452,1441379
1177,43263952,1442129
1178,43286452,1442879
1179,43308952,1443629
1180,43331452,1444379
1181,45498025,1516598
1182,45520525,1517348
1183,45543025,1518098
1184,45565525,1518848
1185,45588025,1519598
1186,45610525,1520348
1187,45633025,1521098
1188,45655525,1521848
1189,45678025,1522598
1190,45700525,1523348
1191,45723025,1524098
1192,45745525,1524848
1193,45768025,1525598
1194,45790525,1526348
1195,45813025,1527098
1196,45835525,1527848
1197,45858025,1528598
1198,45880525,1529348
1199,45903025,1530098
1200,45925525,1530848
1201,48221801,1607390
1202,48245051,1608165
1203,48268301,1608940
1204,48291551,1609715
1205,48314801,1610490
1206,48338051,1611265
1207,48361301,1612040
1208,48384551,1612815
1209,48407801,1613590
1210,48431051,1614365
1211,48454301,1615140
1212,48477551,1615915
1213,48500801,1616690
1214,48524051,1617465
1215,48547301,1618240
1216,48570551,1619015
1217,48593801,1619790
1218,48617051,1620565
1219,48640301,1621340
1220,48663551,1622115
1221,51096729,1703221
1222,51119979,1703996
1223,51143229,1704771
1224,51166479,1705546
1225,51189729,1706321
1226,51212979,1707096
1227,51236229,1707871
1228,51259479,1708646
1229,51282729,1709421
1230,51305979,1710196
1231,51329229,1710971
1232,51352479,1711746
1233,51375729,1712521
1234,51398979,1713296
1235,51422229,1714071
1236,51445479,1714846
1237,51468729,1715621
1238,51491979,1716396
1239,51515229,1717171
1240,51538479,1717946
1241,54115403,1803843
1242,54139403,1804643
1243,54163403,1805443
1244,54187403,1806243
1245,54211403,1807043
1246,54235403,1807843
1247,54259403,1808643
1248,54283403,1809443
1249,54307403,1810243
1250,54331403,1811043
1251,54355403,1811843
1252,54379403,1812643
1253,54403403,1813443
1254,54427403,1814243
1255,54451403,1815043
1256,54475403,1815843
1257,54499403,1816643
1258,54523403,1817443
1259,54547403,1818243
1260,54571403,1819043
1261,57299973,1909995
1262,57323973,1910795
1263,57347973,1911595
1264,57371973,1912395
1265,57395973,1913195
1266,57419973,1913995
1267,57443973,1914795
1268,57467973,1915595
1269,57491973,1916395
1270,57515973,1917195
1271,57539973,1917995
1272,57563973,1918795
1273,57587973,1919595
1274,57611973,1920395
1275,57635973,1921195
1276,57659973,1921995
1277,57683973,1922795
1278,57707973,1923595
1279,57731973,1924395
1280,57755973,1925195
1281,60643772,2021455
1282,60668522,2022280
1283,60693272,2023105
1284,60718022,2023930
1285,60742772,2024755
1286,60767522,2025580
1287,60792272,2026405
1288,60817022,2027230
1289,60841772,2028055
1290,60866522,2028880
1291,60891272,2029705
1292,60916022,2030530
1293,60940772,2031355
1294,60965522,2032180
1295,60990272,2033005
1296,61015022,2033830
1297,61039772,2034655
1298,61064522,2035480
1299,61089272,2036305
1300,61114022,2037130