1,16500,400
2,17325,420
3,18150,440
4,18975,460
5,19800,480
6,20625,500
7,21450,520
8,22275,540
9,23100,560
10,23925,580
11,25575,620
12,26400,640
13,27225,660
14,28050,680
15,28875,700
16,29700,720
17,30525,740
18,31350,760
19,32175,780
20,33000,800
21,34650,840
22,35475,860
23,36300,880
24,37125,900
25,37950,920
26,38775,940
27,39600,960
28,40425,980
29,41250,1000
30,42075,1020
31,42900,1040
32,43725,1060
33,44550,1080
34,45375,1100
35,46200,1120
36,47025,1140
37,47850,1160
38,48675,1180
39,49500,1200
40,50325,1220
41,52841,1281
42,54491,1321
43,56141,1361
44,57791,1401
45,59441,1441
46,61091,1481
47,62741,1521
48,64391,1561
49,66041,1601
50,67691,1641
51,69341,1681
52,70991,1721
53,72641,1761
54,74291,1801
55,75941,1841
56,77591,1881
57,79241,1921
58,80891,1961
59,82541,2001
60,84191,2041
61,88401,2143
62,90051,2183
63,91701,2223
64,93351,2263
65,95001,2303
66,96651,2343
67,98301,2383
68,99951,2423
69,101601,2463
70,103251,2503
71,104901,2543
72,106551,2583
73,108201,2623
74,109851,2663
75,111501,2703
76,113151,2743
77,114801,2783
78,116451,2823
79,118101,2863
80,119751,2903
81,125738,3048
82,128213,3108
83,130688,3168
84,133163,3228
85,135638,3288
86,138113,3348
87,140588,3408
88,143063,3468
89,145538,3528
90,148013,3588
91,150488,3648
92,152963,3708
93,155438,3768
94,157913,3828
95,160388,3888
96,162863,3948
97,165338,4008
98,167813,4068
99,170288,4128
100,172763,4188
101,181402,4398
102,183877,4458
103,186352,4518
104,188827,4578
105,191302,4638
106,193777,4698
107,196252,4758
108,198727,4818
109,201202,4878
110,203677,4938
111,206152,4998
112,208627,5058
113,211102,5118
114,213577,5178
115,216052,5238
116,218527,5298
117,221002,5358
118,223477,5418
119,225952,5478
120,228427,5538
121,239848,5814
122,243148,5894
123,246448,5974
124,249748,6054
125,253048,6134
126,256348,6214
127,259648,6294
128,262948,6374
129,266248,6454
130,269548,6534
131,272848,6614
132,276148,6694
133,279448,6774
134,282748,6854
135,286048,6934
136,289348,7014
137,292648,7094
138,295948,7174
139,299248,7254
140,302548,7334
141,317675,7701
142,320975,7781
143,324275,7861
144,327575,7941
145,330875,8021
146,334175,8101
147,337475,8181
148,340775,8261
149,344075,8341
150,347375,8421
151,350675,8501
152,353975,8581
153,357275,8661
154,360575,8741
155,363875,8821
156,367175,8901
157,370475,8981
158,373775,9061
159,377075,9141
160,380375,9221
161,399394,9682
162,403519,9782
163,407644,9882
164,411769,9982
165,415894,10082
166,420019,10182
167,424144,10282
168,428269,10382
169,432394,10482
170,436519,10582
171,440644,10682
172,444769,10782
173,448894,10882
174,453019,10982
175,457144,11082
176,461269,11182
177,465394,11282
178,469519,11382
179,473644,11482
180,477769,11582
181,501657,12161
182,505782,12261
183,509907,12361
184,514032,12461
185,518157,12561
186,522282,12661
187,526407,12761
188,530532,12861
189,534657,12961
190,538782,13061
191,542907,13161
192,547032,13261
193,551157,13361
194,555282,13461
195,559407,13561
196,563532,13661
197,567657,13761
198,571782,13861
199,575907,13961
200,580032,14061
201,609034,14764
202,613984,14884
203,618934,15004
204,623884,15124
205,628834,15244
206,633784,15364
207,638734,15484
208,643684,15604
209,648634,15724
210,653584,15844
211,658534,15964
212,663484,16084
213,668434,16204
214,673384,16324
215,678334,16444
216,683284,16564
217,688234,16684
218,693184,16804
219,698134,16924
220,703084,17044
221,738238,17897
222,743188,18017
223,748138,18137
224,753088,18257
225,758038,18377
226,762988,18497
227,767938,18617
228,772888,18737
229,777838,18857
230,782788,18977
231,787738,19097
232,792688,19217
233,797638,19337
234,802588,19457
235,807538,19577
236,812488,19697
237,817438,19817
238,822388,19937
239,827338,20057
240,832288,20177
241,873903,21186
242,879678,21326
243,885453,21466
244,891228,21606
245,897003,21746
246,902778,21886
247,908553,22026
248,914328,22166
249,920103,22306
250,925878,22446
251,931653,22586
252,937428,22726
253,943203,22866
254,948978,23006
255,954753,23146
256,960528,23286
257,966303,23426
258,972078,23566
259,977853,23706
260,983628,23846
261,1032809,25038
262,1038584,25178
263,1044359,25318
264,1050134,25458
265,1055909,25598
266,1061684,25738
267,1067459,25878
268,1073234,26018
269,1079009,26158
270,1084784,26298
271,1090559,26438
272,1096334,26578
273,1102109,26718
274,1107884,26858
275,1113659,26998
276,1119434,27138
277,1125209,27278
278,1130984,27418
279,1136759,27558
280,1142534,27698
281,1199661,29083
282,1206261,29243
283,1212861,29403
284,1219461,29563
285,1226061,29723
286,1232661,29883
287,1239261,30043
288,1245861,30203
289,1252461,30363
290,1259061,30523
291,1265661,30683
292,1272261,30843
293,1278861,31003
294,1285461,31163
295,1292061,31323
296,1298661,31483
297,1305261,31643
298,1311861,31803
299,1318461,31963
300,1325061,32123
301,1391314,33729
302,1397914,33889
303,1404514,34049
304,1411114,34209
305,1417714,34369
306,1424314,34529
307,1430914,34689
308,1437514,34849
309,1444114,35009
310,1450714,35169
311,1457314,35329
312,1463914,35489
313,1470514,35649
314,1477114,35809
315,1483714,35969
316,1490314,36129
317,1496914,36289
318,1503514,36449
319,1510114,36609
320,1516714,36769
321,1592550,38607
322,1599975,38787
323,1607400,38967
324,1614825,39147
325,1622250,39327
326,1629675,39507
327,1637100,39687
328,1644525,39867
329,1651950,40047
330,1659375,40227
331,1666800,40407
332,1674225,40587
333,1681650,40767
334,1689075,40947
335,1696500,41127
336,1703925,41307
337,1711350,41487
338,1718775,41667
339,1726200,41847
340,1733625,42027
341,1820306,44129
342,1827731,44309
343,1835156,44489
344,1842581,44669
345,1850006,44849
346,1857431,45029
347,1864856,45209
348,1872281,45389
349,1879706,45569
350,1887131,45749
351,1894556,45929
352,1901981,46109
353,1909406,46289
354,1916831,46469
355,1924256,46649
356,1931681,46829
357,1939106,47009
358,1946531,47189
359,1953956,47369
360,1961381,47549
361,2059450,49926
362,2067700,50126
363,2075950,50326
364,2084200,50526
365,2092450,50726
366,2100700,50926
367,2108950,51126
368,2117200,51326
369,2125450,51526
370,2133700,51726
371,2141950,51926
372,2150200,52126
373,2158450,52326
374,2166700,52526
375,2174950,52726
376,2183200,52926
377,2191450,53126
378,2199700,53326
379,2207950,53526
380,2216200,53726
381,2327010,56412
382,2335260,56612
383,2343510,56812
384,2351760,57012
385,2360010,57212
386,2368260,57412
387,2376510,57612
388,2384760,57812
389,2393010,58012
390,2401260,58212
391,2409510,58412
392,2417760,58612
393,2426010,58812
394,2434260,59012
395,2442510,59212
396,2450760,59412
397,2459010,59612
398,2467260,59812
399,2475510,60012
400,2483760,60212
401,2607948,63223
402,2617023,63443
403,2626098,63663
404,2635173,63883
405,2644248,64103
406,2653323,64323
407,2662398,64543
408,2671473,64763
409,2680548,64983
410,2689623,65203
411,2698698,65423
412,2707773,65643
413,2716848,65863
414,2725923,66083
415,2734998,66303
416,2744073,66523
417,2753148,66743
418,2762223,66963
419,2771298,67183
420,2780373,67403
421,2919391,70773
422,2928466,70993
423,2937541,71213
424,2946616,71433
425,2955691,71653
426,2964766,71873
427,2973841,72093
428,2982916,72313
429,2991991,72533
430,3001066,72753
431,3010141,72973
432,3019216,73193
433,3028291,73413
434,3037366,73633
435,3046441,73853
436,3055516,74073
437,3064591,74293
438,3073666,74513
439,3082741,74733
440,3091816,74953
441,3246407,78701
442,3256307,78941
443,3266207,79181
444,3276107,79421
445,3286007,79661
446,3295907,79901
447,3305807,80141
448,3315707,80381
449,3325607,80621
450,3335507,80861
451,3345407,81101
452,3355307,81341
453,3365207,81581
454,3375107,81821
455,3385007,82061
456,3394907,82301
457,3404807,82541
458,3414707,82781
459,3424607,83021
460,3434507,83261
461,3606233,87424
462,3616133,87664
463,3626033,87904
464,3635933,88144
465,3645833,88384
466,3655733,88624
467,3665633,88864
468,3675533,89104
469,3685433,89344
470,3695333,89584
471,3705233,89824
472,3715133,90064
473,3725033,90304
474,3734933,90544
475,3744833,90784
476,3754733,91024
477,3764633,91264
478,3774533,91504
479,3784433,91744
480,3794333,91984
481,3984049,96583
482,3994774,96843
483,4005499,97103
484,4016224,97363
485,4026949,97623
486,4037674,97883
487,4048399,98143
488,4059124,98403
489,4069849,98663
490,4080574,98923
491,4091299,99183
492,4102024,99443
493,4112749,99703
494,4123474,99963
495,4134199,100223
496,4144924,100483
497,4155649,100743
498,4166374,101003
499,4177099,101263
500,4187824,101523
501,4397215,106599
502,4407940,106859
503,4418665,107119
504,4429390,107379
505,4440115,107639
506,4450840,107899
507,4461565,108159
508,4472290,108419
509,4483015,108679
510,4493740,108939
511,4504465,109199
512,4515190,109459
513,4525915,109719
514,4536640,109979
515,4547365,110239
516,4558090,110499
517,4568815,110759
518,4579540,111019
519,4590265,111279
520,4600990,111539
521,4831040,117116
522,4842590,117396
523,4854140,117676
524,4865690,117956
525,4877240,118236
526,4888790,118516
527,4900340,118796
528,4911890,119076
529,4923440,119356
530,4934990,119636
531,4946540,119916
532,4958090,120196
533,4969640,120476
534,4981190,120756
535,4992740,121036
536,5004290,121316
537,5015840,121596
538,5027390,121876
539,5038940,122156
540,5050490,122436
541,5303014,128558
542,5314564,128838
543,5326114,129118
544,5337664,129398
545,5349214,129678
546,5360764,129958
547,5372314,130238
548,5383864,130518
549,5395414,130798
550,5406964,131078
551,5418514,131358
552,5430064,131638
553,5441614,131918
554,5453164,132198
555,5464714,132478
556,5476264,132758
557,5487814,133038
558,5499364,133318
559,5510914,133598
560,5522464,133878
561,5798588,140572
562,5810963,140872
563,5823338,141172
564,5835713,141472
565,5848088,141772
566,5860463,142072
567,5872838,142372
568,5885213,142672
569,5897588,142972
570,5909963,143272
571,5922338,143572
572,5934713,143872
573,5947088,144172
574,5959463,144472
575,5971838,144772
576,5984213,145072
577,5996588,145372
578,6008963,145672
579,6021338,145972
580,6033713,146272
581,6335398,153585
582,6347773,153885
583,6360148,154185
584,6372523,154485
585,6384898,154785
586,6397273,155085
587,6409648,155385
588,6422023,155685
589,6434398,155985
590,6446773,156285
591,6459148,156585
592,6471523,156885
593,6483898,157185
594,6496273,157485
595,6508648,157785
596,6521023,158085
597,6533398,158385
598,6545773,158685
599,6558148,158985
600,6570523,159285
601,6899049,167250
602,6912249,167570
603,6925449,167890
604,6938649,168210
605,6951849,168530
606,6965049,168850
607,6978249,169170
608,6991449,169490
609,7004649,169810
610,7017849,170130
611,7031049,170450
612,7044249,170770
613,7057449,171090
614,7070649,171410
615,7083849,171730
616,7097049,172050
617,7110249,172370
618,7123449,172690
619,7136649,173010
620,7149849,173330
621,7507342,181996
622,7520542,182316
623,7533742,182636
624,7546942,182956
625,7560142,183276
626,7573342,183596
627,7586542,183916
628,7599742,184236
629,7612942,184556
630,7626142,184876
631,7639342,185196
632,7652542,185516
633,7665742,185836
634,7678942,186156
635,7692142,186476
636,7705342,186796
637,7718542,187116
638,7731742,187436
639,7744942,187756
640,7758142,188076
641,8146049,197480
642,8160074,197820
643,8174099,198160
644,8188124,198500
645,8202149,198840
646,8216174,199180
647,8230199,199520
648,8244224,199860
649,8258249,200200
650,8272274,200540
651,8286299,200880
652,8300324,201220
653,8314349,201560
654,8328374,201900
655,8342399,202240
656,8356424,202580
657,8370449,202920
658,8384474,203260
659,8398499,203600
660,8412524,203940
661,8833150,214137
662,8847175,214477
663,8861200,214817
664,8875225,215157
665,8889250,215497
666,8903275,215837
667,8917300,216177
668,8931325,216517
669,8945350,216857
670,8959375,217197
671,8973400,217537
672,8987425,217877
673,9001450,218217
674,9015475,218557
675,9029500,218897
676,9043525,219237
677,9057550,219577
678,9071575,219917
679,9085600,220257
680,9099625,220597
681,9554606,231627
682,9569456,231987
683,9584306,232347
684,9599156,232707
685,9614006,233067
686,9628856,233427
687,9643706,233787
688,9658556,234147
689,9673406,234507
690,9688256,234867
691,9703106,235227
692,9717956,235587
693,9732806,235947
694,9747656,236307
695,9762506,236667
696,9777356,237027
697,9792206,237387
698,9807056,237747
699,9821906,238107
700,9836756,238467
701,10328594,250390
702,10343444,250750
703,10358294,251110
704,10373144,251470
705,10387994,251830
706,10402844,252190
707,10417694,252550
708,10432544,252910
709,10447394,253270
710,10462244,253630
711,10477094,253990
712,10491944,254350
713,10506794,254710
714,10521644,255070
715,10536494,255430
716,10551344,255790
717,10566194,256150
718,10581044,256510
719,10595894,256870
720,10610744,257230
721,11141282,270092
722,11156957,270472
723,11172632,270852
724,11188307,271232
725,11203982,271612
726,11219657,271992
727,11235332,272372
728,11251007,272752
729,11266682,273132
730,11282357,273512
731,11298032,273892
732,11313707,274272
733,11329382,274652
734,11345057,275032
735,11360732,275412
736,11376407,275792
737,11392082,276172
738,11407757,276552
739,11423432,276932
740,11439107,277312
741,12011062,291177
742,12026737,291557
743,12042412,291937
744,12058087,292317
745,12073762,292697
746,12089437,293077
747,12105112,293457
748,12120787,293837
749,12136462,294217
750,12152137,294597
751,12167812,294977
752,12183487,295357
753,12199162,295737
754,12214837,296117
755,12230512,296497
756,12246187,296877
757,12261862,297257
758,12277537,297637
759,12293212,298017
760,12308887,298397
761,12924331,313317
762,12940831,313717
763,12957331,314117
764,12973831,314517
765,12990331,314917
766,13006831,315317
767,13023331,315717
768,13039831,316117
769,13056331,316517
770,13072831,316917
771,13089331,317317
772,13105831,317717
773,13122331,318117
774,13138831,318517
775,13155331,318917
776,13171831,319317
777,13188331,319717
778,13204831,320117
779,13221331,320517
780,13237831,320917
781,13899723,336963
782,13916223,337363
783,13932723,337763
784,13949223,338163
785,13965723,338563
786,13982223,338963
787,13998723,339363
788,14015223,339763
789,14031723,340163
790,14048223,340563
791,14064723,340963
792,14081223,341363
793,14097723,341763
794,14114223,342163
795,14130723,342563
796,14147223,342963
797,14163723,343363
798,14180223,343763
799,14196723,344163
800,14213223,344563
801,14923884,361791
802,14941209,362211
803,14958534,362631
804,14975859,363051
805,14993184,363471
806,15010509,363891
807,15027834,364311
808,15045159,364731
809,15062484,365151
810,15079809,365571
811,15097134,365991
812,15114459,366411
813,15131784,366831
814,15149109,367251
815,15166434,367671
816,15183759,368091
817,15201084,368511
818,15218409,368931
819,15235734,369351
820,15253059,369771
821,16015712,388260
822,16033037,388680
823,16050362,389100
824,16067687,389520
825,16085012,389940
826,16102337,390360
827,16119662,390780
828,16136987,391200
829,16154312,391620
830,16171637,392040
831,16188962,392460
832,16206287,392880
833,16223612,393300
834,16240937,393720
835,16258262,394140
836,16275587,394560
837,16292912,394980
838,16310237,395400
839,16327562,395820
840,16344887,396240
841,17162131,416052
842,17180281,416492
843,17198431,416932
844,17216581,417372
845,17234731,417812
846,17252881,418252
847,17271031,418692
848,17289181,419132
849,17307331,419572
850,17325481,420012
851,17343631,420452
852,17361781,420892
853,17379931,421332
854,17398081,421772
855,17416231,422212
856,17434381,422652
857,17452531,423092
858,17470681,423532
859,17488831,423972
860,17506981,424412
861,18382330,445632
862,18400480,446072
863,18418630,446512
864,18436780,446952
865,18454930,447392
866,18473080,447832
867,18491230,448272
868,18509380,448712
869,18527530,449152
870,18545680,449592
871,18563830,450032
872,18581980,450472
873,18600130,450912
874,18618280,451352
875,18636430,451792
876,18654580,452232
877,18672730,452672
878,18690880,453112
879,18709030,453552
880,18727180,453992
881,19663539,476692
882,19682514,477152
883,19701489,477612
884,19720464,478072
885,19739439,478532
886,19758414,478992
887,19777389,479452
888,19796364,479912
889,19815339,480372
890,19834314,480832
891,19853289,481292
892,19872264,481752
893,19891239,482212
894,19910214,482672
895,19929189,483132
896,19948164,483592
897,19967139,484052
898,19986114,484512
899,20005089,484972
900,20024064,485432
901,21025267,509703
902,21044242,510163
903,21063217,510623
904,21082192,511083
905,21101167,511543
906,21120142,512003
907,21139117,512463
908,21158092,512923
909,21177067,513383
910,21196042,513843
911,21215017,514303
912,21233992,514763
913,21252967,515223
914,21271942,515683
915,21290917,516143
916,21309892,516603
917,21328867,517063
918,21347842,517523
919,21366817,517983
920,21385792,518443
921,22455082,544366
922,22474882,544846
923,22494682,545326
924,22514482,545806
925,22534282,546286
926,22554082,546766
927,22573882,547246
928,22593682,547726
929,22613482,548206
930,22633282,548686
931,22653082,549166
932,22672882,549646
933,22692682,550126
934,22712482,550606
935,22732282,551086
936,22752082,551566
937,22771882,552046
938,22791682,552526
939,22811482,553006
940,22831282,553486
941,23972846,581160
942,23992646,581640
943,24012446,582120
944,24032246,582600
945,24052046,583080
946,24071846,583560
947,24091646,584040
948,24111446,584520
949,24131246,585000
950,24151046,585480
951,24170846,585960
952,24190646,586440
953,24210446,586920
954,24230246,587400
955,24250046,587880
956,24269846,588360
957,24289646,588840
958,24309446,589320
959,24329246,589800
960,24349046,590280
961,25566498,619794
962,25587123,620294
963,25607748,620794
964,25628373,621294
965,25648998,621794
966,25669623,622294
967,25690248,622794
968,25710873,623294
969,25731498,623794
970,25752123,624294
971,25772748,624794
972,25793373,625294
973,25813998,625794
974,25834623,626294
975,25855248,626794
976,25875873,627294
977,25896498,627794
978,25917123,628294
979,25937748,628794
980,25958373,629294
981,27256292,660759
982,27276917,661259
983,27297542,661759
984,27318167,662259
985,27338792,662759
986,27359417,663259
987,27380042,663759
988,27400667,664259
989,27421292,664759
990,27441917,665259
991,27462542,665759
992,27483167,666259
993,27503792,666759
994,27524417,667259
995,27545042,667759
996,27565667,668259
997,27586292,668759
998,27606917,669259
999,27627542,669759
1000,27648167,670259
1001,29030575,703772
1002,29052025,704292
1003,29073475,704812
1004,29094925,705332
1005,29116375,705852
1006,29137825,706372
1007,29159275,706892
1008,29180725,707412
1009,29202175,707932
1010,29223625,708452
1011,29245075,708972
1012,29266525,709492
1013,29287975,710012
1014,29309425,710532
1015,29330875,711052
1016,29352325,711572
1017,29373775,712092
1018,29395225,712612
1019,29416675,713132
1020,29438125,713652
1021,30910032,749334
1022,30931482,749854
1023,30952932,750374
1024,30974382,750894
1025,30995832,751414
1026,31017282,751934
1027,31038732,752454
1028,31060182,752974
1029,31081632,753494
1030,31103082,754014
1031,31124532,754534
1032,31145982,755054
1033,31167432,755574
1034,31188882,756094
1035,31210332,756614
1036,31231782,757134
1037,31253232,757654
1038,31274682,758174
1039,31296132,758694
1040,31317582,759214
1041,32883461,797175
1042,32905736,797715
1043,32928011,798255
1044,32950286,798795
1045,32972561,799335
1046,32994836,799875
1047,33017111,800415
1048,33039386,800955
1049,33061661,801495
1050,33083936,802035
1051,33106211,802575
1052,33128486,803115
1053,33150761,803655
1054,33173036,804195
1055,33195311,804735
1056,33217586,805275
1057,33239861,805815
1058,33262136,806355
1059,33284411,806895
1060,33306686,807435
1061,34972020,847807
1062,34994295,848347
1063,35016570,848887
1064,35038845,849427
1065,35061120,849967
1066,35083395,850507
1067,35105670,851047
1068,35127945,851587
1069,35150220,852127
1070,35172495,852667
1071,35194770,853207
1072,35217045,853747
1073,35239320,854287
1074,35261595,854827
1075,35283870,855367
1076,35306145,855907
1077,35328420,856447
1078,35350695,856987
1079,35372970,857527
1080,35395245,858067
1081,37165007,900970
1082,37188107,901530
1083,37211207,902090
1084,37234307,902650
1085,37257407,903210
1086,37280507,903770
1087,37303607,904330
1088,37326707,904890
1089,37349807,905450
1090,37372907,906010
1091,37396007,906570
1092,37419107,907130
1093,37442207,907690
1094,37465307,908250
1095,37488407,908810
1096,37511507,909370
1097,37534607,909930
1098,37557707,910490
1099,37580807,911050
1100,37603907,911610
1101,39484103,957190
1102,39507203,957750
1103,39530303,958310
1104,39553403,958870
1105,39576503,959430
1106,39599603,959990
1107,39622703,960550
1108,39645803,961110
1109,39668903,961670
1110,39692003,962230
1111,39715103,962790
1112,39738203,963350
1113,39761303,963910
1114,39784403,964470
1115,39807503,965030
1116,39830603,965590
1117,39853703,966150
1118,39876803,966710
1119,39899903,967270
1120,39923003,967830
1121,41919153,1016222
1122,41943078,1016802
1123,41967003,1017382
1124,41990928,1017962
1125,42014853,1018542
1126,42038778,1019122
1127,42062703,1019702
1128,42086628,1020282
1129,42110553,1020862
1130,42134478,1021442
1131,42158403,1022022
1132,42182328,1022602
1133,42206253,1023182
1134,42230178,1023762
1135,42254103,1024342
1136,42278028,1024922
1137,42301953,1025502
1138,42325878,1026082
1139,42349803,1026662
1140,42373728,1027242
1141,44492414,1078604
1142,44516339,1079184
1143,44540264,1079764
1144,44564189,1080344
1145,44588114,1080924
1146,44612039,1081504
1147,44635964,1082084
1148,44659889,1082664
1149,44683814,1083244
1150,44707739,1083824
1151,44731664,1084404
1152,44755589,1084984
1153,44779514,1085564
1154,44803439,1086144
1155,44827364,1086724
1156,44851289,1087304
1157,44875214,1087884
1158,44899139,1088464
1159,44923064,1089044
1160,44946989,1089624
1161,47194339,1144105
1162,47219089,1144705
1163,47243839,1145305
1164,47268589,1145905
1165,47293339,1146505
1166,47318089,1147105
1167,47342839,1147705
1168,47367589,1148305
1169,47392339,1148905
1170,47417089,1149505
1171,47441839,1150105
1172,47466589,1150705
1173,47491339,1151305
1174,47516089,1151905
1175,47540839,1152505
1176,47565589,1153105
1177,47590339,1153705
1178,47615089,1154305
1179,47639839,1154905
1180,47664589,1155505
1181,50047818,1213280
1182,50072568,1213880
1183,50097318,1214480
1184,50122068,1215080
1185,50146818,1215680
1186,50171568,1216280
1187,50196318,1216880
1188,50221068,1217480
1189,50245818,1218080
1190,50270568,1218680
1191,50295318,1219280
1192,50320068,1219880
1193,50344818,1220480
1194,50369568,1221080
1195,50394318,1221680
1196,50419068,1222280
1197,50443818,1222880
1198,50468568,1223480
1199,50493318,1224080
1200,50518068,1224680
1201,53043972,1285914
1202,53069547,1286534
1203,53095122,1287154
1204,53120697,1287774
1205,53146272,1288394
1206,53171847,1289014
1207,53197422,1289634
1208,53222997,1290254
1209,53248572,1290874
1210,53274147,1291494
1211,53299722,1292114
1212,53325297,1292734
1213,53350872,1293354
1214,53376447,1293974
1215,53402022,1294594
1216,53427597,1295214
1217,53453172,1295834
1218,53478747,1296454
1219,53504322,1297074
1220,53529897,1297694
1221,56206391,1362579
1222,56231966,1363199
1223,56257541,1363819
1224,56283116,1364439
1225,56308691,1365059
1226,56334266,1365679
1227,56359841,1366299
1228,56385416,1366919
1229,56410991,1367539
1230,56436566,1368159
1231,56462141,1368779
1232,56487716,1369399
1233,56513291,1370019
1234,56538866,1370639
1235,56564441,1371259
1236,56590016,1371879
1237,56615591,1372499
1238,56641166,1373119
1239,56666741,1373739
1240,56692316,1374359
1241,59526932,1443077
1242,59553332,1443717
1243,59579732,1444357
1244,59606132,1444997
1245,59632532,1445637
1246,59658932,1446277
1247,59685332,1446917
1248,59711732,1447557
1249,59738132,1448197
1250,59764532,1448837
1251,59790932,1449477
1252,59817332,1450117
1253,59843732,1450757
1254,59870132,1451397
1255,59896532,1452037
1256,59922932,1452677
1257,59949332,1453317
1258,59975732,1453957
1259,60002132,1454597
1260,60028532,1455237
1261,63029959,1527999
1262,63056359,1528639
1263,63082759,1529279
1264,63109159,1529919
1265,63135559,1530559
1266,63161959,1531199
1267,63188359,1531839
1268,63214759,1532479
1269,63241159,1533119
1270,63267559,1533759
1271,63293959,1534399
1272,63320359,1535039
1273,63346759,1535679
1274,63373159,1536319
1275,63399559,1536959
1276,63425959,1537599
1277,63452359,1538239
1278,63478759,1538879
1279,63505159,1539519
1280,63531559,1540159
1281,66708137,1617167
1282,66735362,1617827
1283,66762587,1618487
1284,66789812,1619147
1285,66817037,1619807
1286,66844262,1620467
1287,66871487,1621127
1288,66898712,1621787
1289,66925937,1622447
1290,66953162,1623107
1291,66980387,1623767
1292,67007612,1624427
1293,67034837,1625087
1294,67062062,1625747
1295,67089287,1626407
1296,67116512,1627067
1297,67143737,1627727
1298,67170962,1628387
1299,67198187,1629047
1300,67225412,1629707